AUC_Bench_App_Tarantula = [
0.08832 	0.07834 	0.05572 	0.03532 	0.05603 	0.09586 	0.08820 	0.07317 	0.04510 	0.09169 	0.05587 	0.04530 	0.09819 	0.04507 	0.04493 	0.03937 	0.03935 	0.03923 	0.06681 	0.06686 	0.06682 	0.08184 	0.08184 	0.08191 	0.09956 	0.02392 	0.02035 	0.09988 	0.03598 	0.02437 	0.09974 	0.03526 	0.02707 	0.05741 	0.01879 	0.01982 	0.05832 	0.01762 	0.01975 	0.05862 	0.02245 	0.01873 	0.10018 	0.09720 	0.09132 	0.05907 	0.05782 	0.06156 	0.02000 
0.04572 	0.02271 	0.07193 	0.06713 	0.03311 	0.04580 	0.04836 	0.03109 	0.07302 	0.05535 	0.03238 	0.07452 	0.04006 	0.03607 	0.07010 	0.03935 	0.03955 	0.03937 	0.05799 	0.05771 	0.05775 	0.09185 	0.09200 	0.09194 	0.03710 	0.02453 	0.02034 	0.03700 	0.02020 	0.01913 	0.03695 	0.02745 	0.02307 	0.04208 	0.01999 	0.01983 	0.04429 	0.02201 	0.02024 	0.03670 	0.01265 	0.01912 	0.03829 	0.03025 	0.03122 	0.04418 	0.03798 	0.02872 	0.02000 
0.07478 	0.09675 	0.06182 	0.06651 	0.07780 	0.06829 	0.08620 	0.09022 	0.05780 	0.09541 	0.09111 	0.05833 	0.09127 	0.07323 	0.06456 	0.01865 	0.01872 	0.01873 	0.04217 	0.04180 	0.04182 	0.06966 	0.06966 	0.06955 	0.11605 	0.01978 	0.01995 	0.11605 	0.02019 	0.02005 	0.11504 	0.02206 	0.02003 	0.07698 	0.01983 	0.01998 	0.07018 	0.02637 	0.02000 	0.06926 	0.02866 	0.02886 	0.11559 	0.11582 	0.11265 	0.07784 	0.07721 	0.06831 	0.02000 
0.09172 	0.08103 	0.06335 	0.05027 	0.08249 	0.05727 	0.07436 	0.06188 	0.06330 	0.07994 	0.05747 	0.06408 	0.07894 	0.05930 	0.06552 	0.03730 	0.03724 	0.03736 	0.07354 	0.07377 	0.07372 	0.06210 	0.06226 	0.06207 	0.07436 	0.02045 	0.01981 	0.07149 	0.01945 	0.01999 	0.07309 	0.03793 	0.02004 	0.07786 	0.01974 	0.01994 	0.07791 	0.02164 	0.01983 	0.07497 	0.03585 	0.02002 	0.07480 	0.07502 	0.07224 	0.07546 	0.07639 	0.07607 	0.02000 
0.10431 	0.10349 	0.06736 	0.05381 	0.06628 	0.08040 	0.10025 	0.08377 	0.05865 	0.09236 	0.06936 	0.05625 	0.09428 	0.07129 	0.05079 	0.02380 	0.02364 	0.02382 	0.03533 	0.03535 	0.03521 	0.04200 	0.04198 	0.04188 	0.10913 	0.05631 	0.03746 	0.10954 	0.06474 	0.04576 	0.11329 	0.06569 	0.05829 	0.09260 	0.04316 	0.02865 	0.06732 	0.03243 	0.02760 	0.07747 	0.03239 	0.02937 	0.07275 	0.05366 	0.06706 	0.04250 	0.04637 	0.03290 	0.02000 
0.08972 	0.10085 	0.07331 	0.05303 	0.05677 	0.07384 	0.11347 	0.07295 	0.06074 	0.11814 	0.07263 	0.06286 	0.11955 	0.07482 	0.06378 	0.03854 	0.03850 	0.03875 	0.04188 	0.04174 	0.04194 	0.04383 	0.04389 	0.04378 	0.10248 	0.06764 	0.04227 	0.10169 	0.06915 	0.05059 	0.10168 	0.06920 	0.05020 	0.09140 	0.05330 	0.04139 	0.09234 	0.05823 	0.03957 	0.09215 	0.05596 	0.03846 	0.08779 	0.07310 	0.07489 	0.06729 	0.06783 	0.06892 	0.02000 
0.08933 	0.10405 	0.10440 	0.09131 	0.09508 	0.09600 	0.11052 	0.10009 	0.07086 	0.11029 	0.08196 	0.06239 	0.10293 	0.07634 	0.05944 	0.04877 	0.04875 	0.04879 	0.04542 	0.04539 	0.04539 	0.05310 	0.05310 	0.05310 	0.09208 	0.08601 	0.05634 	0.09418 	0.08367 	0.06475 	0.09358 	0.08249 	0.06886 	0.09745 	0.04417 	0.03492 	0.09933 	0.03655 	0.02342 	0.10237 	0.03753 	0.02535 	0.08683 	0.07232 	0.06341 	0.05216 	0.03703 	0.05012 	0.02000 
0.08337 	0.09265 	0.07679 	0.07640 	0.08083 	0.07415 	0.10187 	0.07983 	0.06616 	0.10513 	0.07690 	0.06634 	0.10742 	0.07866 	0.06677 	0.06211 	0.06217 	0.06209 	0.06664 	0.06662 	0.06669 	0.07320 	0.07323 	0.07327 	0.08018 	0.07141 	0.06365 	0.07976 	0.07348 	0.06370 	0.07970 	0.07272 	0.06370 	0.08310 	0.06295 	0.04208 	0.08629 	0.06330 	0.04347 	0.08535 	0.06392 	0.04088 	0.07657 	0.06736 	0.07500 	0.06860 	0.06239 	0.06926 	0.02000 
0.04233 	0.03361 	0.02576 	0.02575 	0.03772 	0.03901 	0.04605 	0.04208 	0.02712 	0.04596 	0.02072 	0.02765 	0.04096 	0.02324 	0.04495 	0.07380 	0.07443 	0.07457 	0.11760 	0.11760 	0.11783 	0.10785 	0.10744 	0.10874 	0.04092 	0.04033 	0.02774 	0.04059 	0.04035 	0.02776 	0.04095 	0.04066 	0.02778 	0.03438 	0.02991 	0.00999 	0.03385 	0.03743 	0.02635 	0.03370 	0.04174 	0.03898 	0.04001 	0.04097 	0.04714 	0.04233 	0.03875 	0.03775 	0.02000 
0.05515 	0.02142 	0.02317 	0.02833 	0.02743 	0.03588 	0.03648 	0.01868 	0.03744 	0.02873 	0.02579 	0.04565 	0.02277 	0.03429 	0.04503 	0.07408 	0.07432 	0.07457 	0.07948 	0.08056 	0.08043 	0.07932 	0.07852 	0.08012 	0.06542 	0.03604 	0.03277 	0.06135 	0.03586 	0.03267 	0.06109 	0.03496 	0.03170 	0.06295 	0.04201 	0.04014 	0.06296 	0.02907 	0.05361 	0.06054 	0.02455 	0.04108 	0.05618 	0.06479 	0.06420 	0.03335 	0.02615 	0.02719 	0.02000 
0.05669 	0.03914 	0.03067 	0.05998 	0.06868 	0.07969 	0.04662 	0.03886 	0.03122 	0.05211 	0.03608 	0.03789 	0.05948 	0.04285 	0.03710 	0.04824 	0.04808 	0.04795 	0.03569 	0.03573 	0.03572 	0.03380 	0.03364 	0.03369 	0.05635 	0.05376 	0.03254 	0.05670 	0.05010 	0.03106 	0.05657 	0.04437 	0.03091 	0.05678 	0.04801 	0.02344 	0.05661 	0.04474 	0.04364 	0.05606 	0.03978 	0.03657 	0.08232 	0.06831 	0.08813 	0.05549 	0.07738 	0.10478 	0.02000 
0.03271 	0.08605 	0.06369 	0.07489 	0.08466 	0.03447 	0.03341 	0.09455 	0.06374 	0.07024 	0.07824 	0.05693 	0.07068 	0.06759 	0.05633 	0.01976 	0.02118 	0.01996 	0.02813 	0.02807 	0.02830 	0.02347 	0.02291 	0.02299 	0.03291 	0.07607 	0.06868 	0.03177 	0.07686 	0.06885 	0.03327 	0.08072 	0.06799 	0.03312 	0.07169 	0.05806 	0.03240 	0.08677 	0.04861 	0.03224 	0.07206 	0.05301 	0.07554 	0.10246 	0.08129 	0.05607 	0.08901 	0.12479 	0.02000 
];

AUC_Bench_App_Ochiai = [
0.08987 	0.08138 	0.05599 	0.04327 	0.08482 	0.09178 	0.09012 	0.07591 	0.04842 	0.08822 	0.06409 	0.04835 	0.10054 	0.05384 	0.04851 	0.03937 	0.03935 	0.03923 	0.06681 	0.06686 	0.06682 	0.08184 	0.08184 	0.08191 	0.09945 	0.02341 	0.01976 	0.09997 	0.03965 	0.02461 	0.10007 	0.03697 	0.02499 	0.07308 	0.01952 	0.01943 	0.07216 	0.01708 	0.01966 	0.06430 	0.02257 	0.01860 	0.10002 	0.09481 	0.08710 	0.06826 	0.05867 	0.06495 	0.02000 
0.04887 	0.06146 	0.07809 	0.07625 	0.05862 	0.04341 	0.04624 	0.05982 	0.08012 	0.04129 	0.06362 	0.08156 	0.03061 	0.06229 	0.08052 	0.03935 	0.03955 	0.03937 	0.05799 	0.05771 	0.05775 	0.09185 	0.09200 	0.09194 	0.02804 	0.02343 	0.01965 	0.02804 	0.02029 	0.01956 	0.02800 	0.02624 	0.02419 	0.03579 	0.01971 	0.01933 	0.03573 	0.02200 	0.01966 	0.03437 	0.01939 	0.01914 	0.02514 	0.01941 	0.02521 	0.03136 	0.02838 	0.02459 	0.02000 
0.08228 	0.08335 	0.06523 	0.06870 	0.08407 	0.07128 	0.10502 	0.08386 	0.06607 	0.11005 	0.08382 	0.06149 	0.10041 	0.07755 	0.06211 	0.01865 	0.01872 	0.01873 	0.04217 	0.04180 	0.04182 	0.06966 	0.06966 	0.06955 	0.11891 	0.02016 	0.01963 	0.11904 	0.02005 	0.02050 	0.11786 	0.02141 	0.02024 	0.07769 	0.01983 	0.02019 	0.07148 	0.02862 	0.02038 	0.07037 	0.02905 	0.02841 	0.11771 	0.11400 	0.10662 	0.07935 	0.07733 	0.06854 	0.02000 
0.09700 	0.08902 	0.07528 	0.05950 	0.08654 	0.07527 	0.10480 	0.07943 	0.07288 	0.10904 	0.07461 	0.07575 	0.10174 	0.07766 	0.07360 	0.03730 	0.03724 	0.03736 	0.07354 	0.07377 	0.07372 	0.06210 	0.06226 	0.06207 	0.07899 	0.01984 	0.01991 	0.07734 	0.01945 	0.02035 	0.07846 	0.03860 	0.02008 	0.08162 	0.02056 	0.02002 	0.08280 	0.02114 	0.01982 	0.07822 	0.03440 	0.01956 	0.07817 	0.07958 	0.07412 	0.08670 	0.08241 	0.07614 	0.02000 
0.11675 	0.11590 	0.08131 	0.05188 	0.05847 	0.08296 	0.10783 	0.09631 	0.06761 	0.09021 	0.06494 	0.05408 	0.09599 	0.06997 	0.05240 	0.02380 	0.02364 	0.02382 	0.03533 	0.03535 	0.03521 	0.04200 	0.04198 	0.04188 	0.11637 	0.07125 	0.04756 	0.11684 	0.08497 	0.04557 	0.12072 	0.08814 	0.04425 	0.08468 	0.02986 	0.02272 	0.06986 	0.02048 	0.02473 	0.07947 	0.02271 	0.02408 	0.08073 	0.04819 	0.06395 	0.03658 	0.02957 	0.02635 	0.02000 
0.12351 	0.10409 	0.07492 	0.04608 	0.06651 	0.08439 	0.13132 	0.08465 	0.07038 	0.12992 	0.08418 	0.06683 	0.12327 	0.08412 	0.06441 	0.03854 	0.03850 	0.03875 	0.04188 	0.04174 	0.04194 	0.04383 	0.04389 	0.04378 	0.12929 	0.06027 	0.03263 	0.12860 	0.07022 	0.03743 	0.12865 	0.06900 	0.04241 	0.12372 	0.02840 	0.04769 	0.11501 	0.03061 	0.04694 	0.11710 	0.03047 	0.04627 	0.09417 	0.07419 	0.07255 	0.05577 	0.05483 	0.05987 	0.02000 
0.11784 	0.12393 	0.11838 	0.10213 	0.10945 	0.12027 	0.12954 	0.10702 	0.07668 	0.11357 	0.07819 	0.06099 	0.09794 	0.07205 	0.06048 	0.04877 	0.04875 	0.04879 	0.04542 	0.04539 	0.04539 	0.05310 	0.05310 	0.05310 	0.11715 	0.09497 	0.05047 	0.11741 	0.10099 	0.05926 	0.11774 	0.10475 	0.06262 	0.11491 	0.05046 	0.04910 	0.10871 	0.04539 	0.04352 	0.11155 	0.04557 	0.04375 	0.08410 	0.05862 	0.05302 	0.04790 	0.03351 	0.04313 	0.02000 
0.10894 	0.08660 	0.08538 	0.08726 	0.09867 	0.10238 	0.11917 	0.08446 	0.07537 	0.12097 	0.08265 	0.07270 	0.12134 	0.08258 	0.07090 	0.06211 	0.06217 	0.06209 	0.06664 	0.06662 	0.06669 	0.07320 	0.07323 	0.07327 	0.10571 	0.06232 	0.06090 	0.10472 	0.06217 	0.06815 	0.10470 	0.06189 	0.06725 	0.11158 	0.05619 	0.05339 	0.11477 	0.05345 	0.05434 	0.12210 	0.05401 	0.05134 	0.07756 	0.05505 	0.06072 	0.06434 	0.04494 	0.04923 	0.02000 
0.04102 	0.04202 	0.03398 	0.02230 	0.04013 	0.03928 	0.04795 	0.04988 	0.03301 	0.04904 	0.03728 	0.05253 	0.04325 	0.04339 	0.02975 	0.07380 	0.07443 	0.07457 	0.11760 	0.11760 	0.11783 	0.10785 	0.10744 	0.10874 	0.04009 	0.03691 	0.03180 	0.04059 	0.03657 	0.03164 	0.04075 	0.03661 	0.03176 	0.03370 	0.03010 	0.01149 	0.03313 	0.03395 	0.02952 	0.03472 	0.04264 	0.04289 	0.04067 	0.04350 	0.04675 	0.04251 	0.03982 	0.03677 	0.02000 
0.05545 	0.02904 	0.03028 	0.03140 	0.03993 	0.04062 	0.04055 	0.02196 	0.04365 	0.03597 	0.03439 	0.05164 	0.03335 	0.05024 	0.05256 	0.07408 	0.07432 	0.07457 	0.07948 	0.08056 	0.08043 	0.07932 	0.07852 	0.08012 	0.06021 	0.02680 	0.02508 	0.05633 	0.02698 	0.02708 	0.05618 	0.02595 	0.02698 	0.05938 	0.04188 	0.04010 	0.05931 	0.03680 	0.03954 	0.05708 	0.03072 	0.03717 	0.05861 	0.07171 	0.06537 	0.03844 	0.03952 	0.03962 	0.02000 
0.08101 	0.05656 	0.03160 	0.06035 	0.06788 	0.09375 	0.10110 	0.05710 	0.03092 	0.10065 	0.04563 	0.04076 	0.08238 	0.05212 	0.03847 	0.04824 	0.04808 	0.04795 	0.03569 	0.03573 	0.03572 	0.03380 	0.03364 	0.03369 	0.08183 	0.04617 	0.03207 	0.08131 	0.05782 	0.03016 	0.08158 	0.04372 	0.03096 	0.08077 	0.05467 	0.02278 	0.08149 	0.04547 	0.04383 	0.08198 	0.04038 	0.03620 	0.10928 	0.12959 	0.12850 	0.10872 	0.09944 	0.11644 	0.02000 
0.03293 	0.12957 	0.06326 	0.07083 	0.09705 	0.04649 	0.03306 	0.12730 	0.06238 	0.08248 	0.07817 	0.05666 	0.07081 	0.06684 	0.05728 	0.01976 	0.02118 	0.01996 	0.02813 	0.02807 	0.02830 	0.02347 	0.02291 	0.02299 	0.03174 	0.11801 	0.06754 	0.03261 	0.12639 	0.06807 	0.03238 	0.12611 	0.06747 	0.03344 	0.07253 	0.05819 	0.03258 	0.09634 	0.04854 	0.03244 	0.07382 	0.05301 	0.12698 	0.12945 	0.10723 	0.09469 	0.14273 	0.15528 	0.02000 
];

AUC_Bench_App_Dstar = [
0.08991 	0.07892 	0.05423 	0.04429 	0.08757 	0.09147 	0.09055 	0.07707 	0.04654 	0.09113 	0.06096 	0.04744 	0.10029 	0.05411 	0.04759 	0.03937 	0.03935 	0.03923 	0.06681 	0.06686 	0.06682 	0.08184 	0.08184 	0.08191 	0.10006 	0.02400 	0.01987 	0.10053 	0.03710 	0.02488 	0.10059 	0.03564 	0.02465 	0.07707 	0.01899 	0.01970 	0.07606 	0.01710 	0.01906 	0.06741 	0.02306 	0.01843 	0.10074 	0.09470 	0.08063 	0.07242 	0.06158 	0.06505 	0.02000 
0.03815 	0.06749 	0.08021 	0.07750 	0.05872 	0.03322 	0.03572 	0.06451 	0.08028 	0.03597 	0.06577 	0.08017 	0.02620 	0.06691 	0.07874 	0.03935 	0.03955 	0.03937 	0.05799 	0.05771 	0.05775 	0.09185 	0.09200 	0.09194 	0.02118 	0.02380 	0.02001 	0.02114 	0.02100 	0.01996 	0.02228 	0.02617 	0.02422 	0.02563 	0.01940 	0.01982 	0.02513 	0.02221 	0.01973 	0.02408 	0.01938 	0.01952 	0.02124 	0.01951 	0.02520 	0.02532 	0.02548 	0.02671 	0.02000 
0.07691 	0.08227 	0.06255 	0.06910 	0.08525 	0.06970 	0.10111 	0.08041 	0.06337 	0.11131 	0.08488 	0.06131 	0.10064 	0.07862 	0.06135 	0.01865 	0.01872 	0.01873 	0.04217 	0.04180 	0.04182 	0.06966 	0.06966 	0.06955 	0.11635 	0.01959 	0.02013 	0.11724 	0.01996 	0.02009 	0.11608 	0.02119 	0.01962 	0.07775 	0.02010 	0.02004 	0.07118 	0.02820 	0.01995 	0.07047 	0.02864 	0.02866 	0.11383 	0.11350 	0.10679 	0.07943 	0.07737 	0.06850 	0.02000 
0.09520 	0.09709 	0.07599 	0.05666 	0.08822 	0.08191 	0.10562 	0.08592 	0.07491 	0.10888 	0.08135 	0.07630 	0.10398 	0.08444 	0.07591 	0.03730 	0.03724 	0.03736 	0.07354 	0.07377 	0.07372 	0.06210 	0.06226 	0.06207 	0.08147 	0.01967 	0.02051 	0.07927 	0.01979 	0.02034 	0.08043 	0.04015 	0.01993 	0.08384 	0.02006 	0.02004 	0.08331 	0.02077 	0.02045 	0.07872 	0.03445 	0.01985 	0.07973 	0.07975 	0.07657 	0.08733 	0.08312 	0.07442 	0.02000 
0.12391 	0.11384 	0.08006 	0.04984 	0.05756 	0.07867 	0.11108 	0.09694 	0.06762 	0.09253 	0.06534 	0.05449 	0.09031 	0.07064 	0.05139 	0.02380 	0.02364 	0.02382 	0.03533 	0.03535 	0.03521 	0.04200 	0.04198 	0.04188 	0.12083 	0.06432 	0.04256 	0.11835 	0.07928 	0.03917 	0.12332 	0.08684 	0.04152 	0.08485 	0.02884 	0.02236 	0.06946 	0.02046 	0.02205 	0.07895 	0.02271 	0.02142 	0.08007 	0.04964 	0.06041 	0.03527 	0.02663 	0.02713 	0.02000 
0.12071 	0.09940 	0.07572 	0.04856 	0.05515 	0.07554 	0.13103 	0.08477 	0.06945 	0.13041 	0.08409 	0.06550 	0.12601 	0.08140 	0.06393 	0.03854 	0.03850 	0.03875 	0.04188 	0.04174 	0.04194 	0.04383 	0.04389 	0.04378 	0.12748 	0.04957 	0.03338 	0.12684 	0.06349 	0.03121 	0.12687 	0.06140 	0.03520 	0.11273 	0.02941 	0.04361 	0.10657 	0.02509 	0.04247 	0.10701 	0.02461 	0.04330 	0.09587 	0.07669 	0.07101 	0.05521 	0.05376 	0.05344 	0.02000 
0.12122 	0.12774 	0.12017 	0.10399 	0.11146 	0.12148 	0.13022 	0.10789 	0.07423 	0.11148 	0.07750 	0.06095 	0.09678 	0.07235 	0.06053 	0.04877 	0.04875 	0.04879 	0.04542 	0.04539 	0.04539 	0.05310 	0.05310 	0.05310 	0.12396 	0.08401 	0.04947 	0.12047 	0.09397 	0.05545 	0.12007 	0.10089 	0.05728 	0.11599 	0.05491 	0.05230 	0.10878 	0.04987 	0.04436 	0.11207 	0.05060 	0.04568 	0.08241 	0.05411 	0.05027 	0.04653 	0.03354 	0.04314 	0.02000 
0.11608 	0.08930 	0.08586 	0.09177 	0.10078 	0.10679 	0.12600 	0.08898 	0.07501 	0.12582 	0.08383 	0.07232 	0.12100 	0.08228 	0.07125 	0.06211 	0.06217 	0.06209 	0.06664 	0.06662 	0.06669 	0.07320 	0.07323 	0.07327 	0.11162 	0.06258 	0.06100 	0.11058 	0.06348 	0.06805 	0.11060 	0.06317 	0.06804 	0.11974 	0.05738 	0.05661 	0.12252 	0.05721 	0.05653 	0.13036 	0.05763 	0.05283 	0.07839 	0.05413 	0.05334 	0.05912 	0.03901 	0.04879 	0.02000 
0.04164 	0.04809 	0.03754 	0.02216 	0.03442 	0.03930 	0.04849 	0.04242 	0.03346 	0.04817 	0.04028 	0.05301 	0.04721 	0.03721 	0.03245 	0.07380 	0.07443 	0.07457 	0.11760 	0.11760 	0.11783 	0.10785 	0.10744 	0.10874 	0.04016 	0.03630 	0.03021 	0.04012 	0.03662 	0.02942 	0.03983 	0.03647 	0.02989 	0.03336 	0.03326 	0.01767 	0.03395 	0.03993 	0.02633 	0.03359 	0.04110 	0.04043 	0.04029 	0.04378 	0.04690 	0.04198 	0.03968 	0.03128 	0.02000 
0.05068 	0.02267 	0.03428 	0.03500 	0.03971 	0.03783 	0.04238 	0.02652 	0.04603 	0.03739 	0.04174 	0.05177 	0.03943 	0.05454 	0.04217 	0.07408 	0.07432 	0.07457 	0.07948 	0.08056 	0.08043 	0.07932 	0.07852 	0.08012 	0.05656 	0.01936 	0.02960 	0.05190 	0.01931 	0.02891 	0.05179 	0.01939 	0.02958 	0.05494 	0.04372 	0.03381 	0.05484 	0.03513 	0.04170 	0.05004 	0.02793 	0.03839 	0.05830 	0.07090 	0.06252 	0.04105 	0.04157 	0.04434 	0.02000 
0.08153 	0.05557 	0.03070 	0.05963 	0.06895 	0.09293 	0.10133 	0.05613 	0.03098 	0.10127 	0.04509 	0.04051 	0.08261 	0.05120 	0.03766 	0.04824 	0.04808 	0.04795 	0.03569 	0.03573 	0.03572 	0.03380 	0.03364 	0.03369 	0.08133 	0.04613 	0.03294 	0.08168 	0.05664 	0.03074 	0.08171 	0.04415 	0.03073 	0.08149 	0.05415 	0.02299 	0.08131 	0.04468 	0.04329 	0.08146 	0.04060 	0.03565 	0.10971 	0.12946 	0.12860 	0.11233 	0.10005 	0.11649 	0.02000 
0.04546 	0.12961 	0.06178 	0.07061 	0.09816 	0.04796 	0.03278 	0.12767 	0.06241 	0.08282 	0.07815 	0.05681 	0.07112 	0.06576 	0.05666 	0.01976 	0.02118 	0.01996 	0.02813 	0.02807 	0.02830 	0.02347 	0.02291 	0.02299 	0.04630 	0.11773 	0.06844 	0.04534 	0.12602 	0.06849 	0.04474 	0.12540 	0.06801 	0.04562 	0.07209 	0.05771 	0.04549 	0.09652 	0.04906 	0.04543 	0.07423 	0.05349 	0.12669 	0.12960 	0.10647 	0.09439 	0.15568 	0.15542 	0.02000 
];

AUC_Bench_App_Jaccard = [
0.08979 	0.08145 	0.05612 	0.04326 	0.08344 	0.09174 	0.09029 	0.07509 	0.04856 	0.08815 	0.06412 	0.04859 	0.10070 	0.05371 	0.04842 	0.03937 	0.03935 	0.03923 	0.06681 	0.06686 	0.06682 	0.08184 	0.08184 	0.08191 	0.09891 	0.02343 	0.02033 	0.09996 	0.03953 	0.02438 	0.09994 	0.03667 	0.02452 	0.07304 	0.01858 	0.01990 	0.07198 	0.01760 	0.01975 	0.06436 	0.02240 	0.01850 	0.09988 	0.09444 	0.08464 	0.06725 	0.05868 	0.06415 	0.02000 
0.04884 	0.06022 	0.07811 	0.07629 	0.05252 	0.04398 	0.04627 	0.05878 	0.07923 	0.04678 	0.06000 	0.07907 	0.02799 	0.06120 	0.07935 	0.03935 	0.03955 	0.03937 	0.05799 	0.05771 	0.05775 	0.09185 	0.09200 	0.09194 	0.03052 	0.02350 	0.02030 	0.03033 	0.02057 	0.01892 	0.03139 	0.02599 	0.02353 	0.03605 	0.01938 	0.02034 	0.03590 	0.02209 	0.02015 	0.03430 	0.01945 	0.01914 	0.02690 	0.02093 	0.02526 	0.03566 	0.02818 	0.02343 	0.02000 
0.08177 	0.08681 	0.06416 	0.06862 	0.08414 	0.07187 	0.10109 	0.08538 	0.06523 	0.11001 	0.08064 	0.06205 	0.10057 	0.07759 	0.06031 	0.01865 	0.01872 	0.01873 	0.04217 	0.04180 	0.04182 	0.06966 	0.06966 	0.06955 	0.11883 	0.02025 	0.02014 	0.11891 	0.01989 	0.01959 	0.11784 	0.02139 	0.01998 	0.07750 	0.02058 	0.01969 	0.07127 	0.02847 	0.02022 	0.07045 	0.02875 	0.02850 	0.11569 	0.11384 	0.10673 	0.07952 	0.07721 	0.06871 	0.02000 
0.09461 	0.08688 	0.07364 	0.05836 	0.08547 	0.07367 	0.10093 	0.07715 	0.07074 	0.10643 	0.07339 	0.07118 	0.09969 	0.07807 	0.06971 	0.03730 	0.03724 	0.03736 	0.07354 	0.07377 	0.07372 	0.06210 	0.06226 	0.06207 	0.07801 	0.01988 	0.02005 	0.07631 	0.01994 	0.02008 	0.07731 	0.04042 	0.02035 	0.08140 	0.01988 	0.01964 	0.08172 	0.02091 	0.01992 	0.07683 	0.03444 	0.01993 	0.07688 	0.07867 	0.07381 	0.08458 	0.08261 	0.07615 	0.02000 
0.11695 	0.11608 	0.07775 	0.04989 	0.05695 	0.08285 	0.10721 	0.09486 	0.06705 	0.09183 	0.06395 	0.05562 	0.09355 	0.06990 	0.05419 	0.02380 	0.02364 	0.02382 	0.03533 	0.03535 	0.03521 	0.04200 	0.04198 	0.04188 	0.11574 	0.07027 	0.04489 	0.11615 	0.08431 	0.04686 	0.11933 	0.08541 	0.04305 	0.08778 	0.02914 	0.02368 	0.06998 	0.01918 	0.02466 	0.07955 	0.02610 	0.02414 	0.08145 	0.04780 	0.06260 	0.03595 	0.03423 	0.02707 	0.02000 
0.12268 	0.10042 	0.07395 	0.04380 	0.06506 	0.08227 	0.13132 	0.08512 	0.07032 	0.13052 	0.08270 	0.06686 	0.12367 	0.08275 	0.06338 	0.03854 	0.03850 	0.03875 	0.04188 	0.04174 	0.04194 	0.04383 	0.04389 	0.04378 	0.12859 	0.05553 	0.03223 	0.12795 	0.06693 	0.03696 	0.12786 	0.06541 	0.04196 	0.12460 	0.03323 	0.04908 	0.11608 	0.03460 	0.04595 	0.11874 	0.03890 	0.04478 	0.09416 	0.07328 	0.06905 	0.05393 	0.05655 	0.05995 	0.02000 
0.11374 	0.12234 	0.11518 	0.10120 	0.10795 	0.11635 	0.12985 	0.10663 	0.07603 	0.11184 	0.07784 	0.06047 	0.09608 	0.07293 	0.06019 	0.04877 	0.04875 	0.04879 	0.04542 	0.04539 	0.04539 	0.05310 	0.05310 	0.05310 	0.11287 	0.09395 	0.04964 	0.11278 	0.10093 	0.05841 	0.11340 	0.10477 	0.06200 	0.10761 	0.04417 	0.04948 	0.10563 	0.03806 	0.04389 	0.10858 	0.03963 	0.04416 	0.08286 	0.05917 	0.05391 	0.04860 	0.03331 	0.04314 	0.02000 
0.10471 	0.08327 	0.08504 	0.08428 	0.09303 	0.09759 	0.11868 	0.08274 	0.07437 	0.11950 	0.07944 	0.07104 	0.12072 	0.08018 	0.07155 	0.06211 	0.06217 	0.06209 	0.06664 	0.06662 	0.06669 	0.07320 	0.07323 	0.07327 	0.10088 	0.05721 	0.06228 	0.10002 	0.06058 	0.06970 	0.10006 	0.06009 	0.06901 	0.10715 	0.05376 	0.05220 	0.10730 	0.05062 	0.05340 	0.11380 	0.05098 	0.05013 	0.07886 	0.05585 	0.06022 	0.06376 	0.04043 	0.04820 	0.02000 
0.04100 	0.04280 	0.03489 	0.02232 	0.03987 	0.03940 	0.04818 	0.04983 	0.03374 	0.04842 	0.03761 	0.04939 	0.04340 	0.04130 	0.03429 	0.07380 	0.07443 	0.07457 	0.11760 	0.11760 	0.11783 	0.10785 	0.10744 	0.10874 	0.04065 	0.03672 	0.03183 	0.04024 	0.03695 	0.03142 	0.04101 	0.03617 	0.03170 	0.03377 	0.02962 	0.00853 	0.03425 	0.03411 	0.03547 	0.03314 	0.04321 	0.04165 	0.04017 	0.04434 	0.04720 	0.04163 	0.03935 	0.03674 	0.02000 
0.05552 	0.02940 	0.03040 	0.03143 	0.03523 	0.03975 	0.04052 	0.02266 	0.04366 	0.03425 	0.03387 	0.05133 	0.03309 	0.04920 	0.05109 	0.07408 	0.07432 	0.07457 	0.07948 	0.08056 	0.08043 	0.07932 	0.07852 	0.08012 	0.06025 	0.02737 	0.02562 	0.05629 	0.02631 	0.02668 	0.05621 	0.02657 	0.02637 	0.05935 	0.04239 	0.03781 	0.05931 	0.03682 	0.04172 	0.05702 	0.03016 	0.03767 	0.05789 	0.07069 	0.06543 	0.03781 	0.03512 	0.03881 	0.02000 
0.08066 	0.05557 	0.03038 	0.06050 	0.06780 	0.09347 	0.09040 	0.05648 	0.03119 	0.09072 	0.04489 	0.04043 	0.07305 	0.05043 	0.03718 	0.04824 	0.04808 	0.04795 	0.03569 	0.03573 	0.03572 	0.03380 	0.03364 	0.03369 	0.08156 	0.04572 	0.03184 	0.08106 	0.05715 	0.03078 	0.08145 	0.04326 	0.03184 	0.08137 	0.04815 	0.02303 	0.08088 	0.04455 	0.04365 	0.08060 	0.04026 	0.03663 	0.10617 	0.12396 	0.11257 	0.09824 	0.09613 	0.11613 	0.02000 
0.03224 	0.11805 	0.06366 	0.07018 	0.09699 	0.04704 	0.03351 	0.12573 	0.06425 	0.07078 	0.07926 	0.05630 	0.07121 	0.06628 	0.05671 	0.01976 	0.02118 	0.01996 	0.02813 	0.02807 	0.02830 	0.02347 	0.02291 	0.02299 	0.03281 	0.10651 	0.06868 	0.03237 	0.11390 	0.06826 	0.03229 	0.11397 	0.06863 	0.03315 	0.07190 	0.05828 	0.03183 	0.09656 	0.04840 	0.03245 	0.07155 	0.05321 	0.12727 	0.12975 	0.10614 	0.08148 	0.12862 	0.15315 	0.02000 
];


AUC_Bench_App_Kulczynski1 = [
0.09004 	0.08163 	0.05619 	0.04312 	0.08359 	0.09106 	0.09086 	0.07493 	0.04869 	0.08859 	0.06400 	0.04850 	0.10065 	0.05388 	0.04841 	0.03937 	0.03935 	0.03923 	0.06681 	0.06686 	0.06682 	0.08184 	0.08184 	0.08191 	0.09896 	0.02342 	0.01971 	0.10010 	0.03958 	0.02474 	0.09986 	0.03646 	0.02500 	0.07293 	0.01933 	0.01990 	0.07192 	0.01793 	0.01981 	0.06428 	0.02276 	0.01809 	0.10007 	0.09451 	0.08464 	0.06719 	0.05854 	0.06397 	0.02000 
0.04878 	0.06015 	0.07801 	0.07644 	0.05251 	0.04351 	0.04599 	0.05872 	0.07927 	0.04643 	0.05982 	0.07909 	0.02795 	0.06135 	0.07928 	0.03935 	0.03955 	0.03937 	0.05799 	0.05771 	0.05775 	0.09185 	0.09200 	0.09194 	0.03048 	0.02305 	0.01964 	0.03034 	0.02043 	0.01897 	0.03138 	0.02609 	0.02398 	0.03578 	0.01958 	0.01998 	0.03562 	0.02173 	0.01989 	0.03438 	0.01953 	0.01961 	0.02698 	0.02107 	0.02523 	0.03567 	0.02846 	0.02343 	0.02000 
0.08174 	0.08667 	0.06406 	0.06872 	0.08414 	0.07209 	0.10124 	0.08516 	0.06522 	0.11028 	0.08056 	0.06196 	0.10063 	0.07790 	0.06004 	0.01865 	0.01872 	0.01873 	0.04217 	0.04180 	0.04182 	0.06966 	0.06966 	0.06955 	0.11902 	0.01977 	0.02014 	0.11911 	0.02018 	0.01997 	0.11795 	0.02125 	0.01971 	0.07751 	0.01998 	0.02028 	0.07126 	0.02819 	0.02017 	0.07041 	0.02860 	0.02918 	0.11545 	0.11403 	0.10663 	0.07943 	0.07727 	0.06836 	0.02000 
0.09476 	0.08624 	0.07365 	0.05850 	0.08535 	0.07365 	0.10127 	0.07709 	0.07078 	0.10643 	0.07353 	0.07119 	0.09981 	0.07823 	0.06999 	0.03730 	0.03724 	0.03736 	0.07354 	0.07377 	0.07372 	0.06210 	0.06226 	0.06207 	0.07791 	0.02003 	0.02030 	0.07620 	0.01991 	0.02008 	0.07708 	0.04048 	0.01991 	0.08169 	0.01986 	0.02035 	0.08157 	0.02071 	0.02009 	0.07661 	0.03449 	0.01998 	0.07704 	0.07863 	0.07387 	0.08455 	0.08235 	0.07612 	0.02000 
0.11681 	0.11616 	0.07765 	0.04977 	0.05689 	0.08299 	0.10734 	0.09470 	0.06693 	0.09201 	0.06409 	0.05537 	0.09353 	0.06996 	0.05408 	0.02380 	0.02364 	0.02382 	0.03533 	0.03535 	0.03521 	0.04200 	0.04198 	0.04188 	0.11592 	0.07024 	0.04493 	0.11634 	0.08427 	0.04674 	0.11940 	0.08551 	0.04305 	0.08782 	0.02915 	0.02384 	0.06991 	0.01916 	0.02473 	0.07937 	0.02605 	0.02412 	0.08139 	0.04770 	0.06270 	0.03592 	0.03426 	0.02701 	0.02000 
0.12282 	0.10055 	0.07399 	0.04382 	0.06515 	0.08223 	0.13142 	0.08502 	0.07012 	0.13054 	0.08275 	0.06725 	0.12351 	0.08270 	0.06370 	0.03854 	0.03850 	0.03875 	0.04188 	0.04174 	0.04194 	0.04383 	0.04389 	0.04378 	0.12849 	0.05566 	0.03236 	0.12780 	0.06689 	0.03693 	0.12784 	0.06529 	0.04207 	0.12442 	0.03334 	0.04916 	0.11602 	0.03472 	0.04593 	0.11898 	0.03898 	0.04489 	0.09424 	0.07310 	0.06905 	0.05398 	0.05649 	0.05983 	0.02000 
0.11381 	0.12247 	0.11519 	0.10117 	0.10794 	0.11637 	0.12991 	0.10667 	0.07593 	0.11183 	0.07784 	0.06045 	0.09603 	0.07304 	0.06020 	0.04877 	0.04875 	0.04879 	0.04542 	0.04539 	0.04539 	0.05310 	0.05310 	0.05310 	0.11282 	0.09392 	0.04964 	0.11274 	0.10092 	0.05846 	0.11342 	0.10481 	0.06212 	0.10776 	0.04414 	0.04951 	0.10562 	0.03810 	0.04396 	0.10868 	0.03964 	0.04412 	0.08291 	0.05914 	0.05393 	0.04862 	0.03332 	0.04318 	0.02000 
0.10467 	0.08321 	0.08501 	0.08431 	0.09294 	0.09766 	0.11863 	0.08277 	0.07443 	0.11936 	0.07919 	0.07097 	0.12056 	0.08012 	0.07147 	0.06211 	0.06217 	0.06209 	0.06664 	0.06662 	0.06669 	0.07320 	0.07323 	0.07327 	0.10086 	0.05733 	0.06233 	0.10004 	0.06052 	0.06966 	0.10005 	0.06001 	0.06901 	0.10709 	0.05379 	0.05221 	0.10725 	0.05069 	0.05339 	0.11380 	0.05098 	0.05014 	0.07881 	0.05584 	0.06007 	0.06370 	0.04044 	0.04829 	0.02000 
0.04115 	0.04163 	0.03468 	0.02212 	0.04042 	0.03984 	0.04822 	0.05033 	0.03368 	0.04824 	0.03782 	0.04964 	0.04366 	0.04087 	0.03425 	0.07380 	0.07443 	0.07457 	0.11760 	0.11760 	0.11783 	0.10785 	0.10744 	0.10874 	0.04045 	0.03733 	0.03189 	0.04034 	0.03699 	0.03228 	0.04029 	0.03614 	0.03191 	0.03348 	0.03012 	0.00842 	0.03380 	0.03452 	0.03583 	0.03411 	0.04304 	0.04215 	0.03991 	0.04403 	0.04623 	0.04266 	0.03897 	0.03716 	0.02000 
0.05552 	0.02945 	0.03040 	0.03143 	0.03521 	0.03986 	0.04046 	0.02271 	0.04365 	0.03435 	0.03380 	0.05134 	0.03302 	0.04927 	0.05103 	0.07408 	0.07432 	0.07457 	0.07948 	0.08056 	0.08043 	0.07932 	0.07852 	0.08012 	0.06030 	0.02737 	0.02559 	0.05641 	0.02638 	0.02665 	0.05619 	0.02656 	0.02642 	0.05945 	0.04248 	0.03773 	0.05931 	0.03683 	0.04163 	0.05704 	0.03018 	0.03761 	0.05798 	0.07056 	0.06541 	0.03781 	0.03517 	0.03892 	0.02000 
0.08081 	0.05608 	0.03026 	0.06017 	0.06942 	0.09381 	0.09022 	0.05669 	0.03026 	0.09104 	0.04510 	0.04089 	0.07172 	0.05092 	0.03815 	0.04824 	0.04808 	0.04795 	0.03569 	0.03573 	0.03572 	0.03380 	0.03364 	0.03369 	0.08075 	0.04547 	0.03196 	0.08112 	0.05758 	0.03092 	0.08073 	0.04449 	0.03119 	0.08116 	0.04833 	0.02355 	0.08100 	0.04424 	0.04294 	0.08041 	0.04072 	0.03652 	0.10672 	0.12431 	0.11234 	0.09876 	0.09643 	0.11549 	0.02000 
0.03302 	0.11820 	0.06244 	0.07048 	0.09685 	0.04681 	0.03273 	0.12559 	0.06374 	0.06968 	0.07889 	0.05620 	0.07067 	0.06674 	0.05627 	0.01976 	0.02118 	0.01996 	0.02813 	0.02807 	0.02830 	0.02347 	0.02291 	0.02299 	0.03289 	0.10702 	0.06764 	0.03267 	0.11318 	0.06957 	0.03372 	0.11393 	0.06801 	0.03303 	0.07146 	0.05802 	0.03283 	0.09706 	0.04819 	0.03326 	0.07170 	0.05329 	0.12678 	0.12958 	0.10621 	0.08218 	0.12866 	0.15303 	0.02000 
];

AUC_Bench_App_Kulczynski2 = [
0.09009 	0.08255 	0.05791 	0.04326 	0.08489 	0.09145 	0.09039 	0.07907 	0.04954 	0.09146 	0.06391 	0.04947 	0.10484 	0.05399 	0.04961 	0.03937 	0.03935 	0.03923 	0.06681 	0.06686 	0.06682 	0.08184 	0.08184 	0.08191 	0.10034 	0.02380 	0.02008 	0.10094 	0.03977 	0.02473 	0.10089 	0.03627 	0.02728 	0.07627 	0.01938 	0.01967 	0.07516 	0.01706 	0.02036 	0.06755 	0.02272 	0.01808 	0.10117 	0.09587 	0.08665 	0.07127 	0.06176 	0.06503 	0.02000 
0.04367 	0.06512 	0.08033 	0.07629 	0.05900 	0.03877 	0.04112 	0.06359 	0.08149 	0.04099 	0.06461 	0.08145 	0.02569 	0.06730 	0.08157 	0.03935 	0.03955 	0.03937 	0.05799 	0.05771 	0.05775 	0.09185 	0.09200 	0.09194 	0.02277 	0.02394 	0.02013 	0.02282 	0.02053 	0.01930 	0.02394 	0.02539 	0.02451 	0.03063 	0.01948 	0.02016 	0.03037 	0.02076 	0.01932 	0.02909 	0.01926 	0.01898 	0.02287 	0.01936 	0.02728 	0.03044 	0.02538 	0.02716 	0.02000 
0.08171 	0.08315 	0.06329 	0.06727 	0.08424 	0.07187 	0.10482 	0.08320 	0.06434 	0.11106 	0.08549 	0.06451 	0.10045 	0.07383 	0.06418 	0.01865 	0.01872 	0.01873 	0.04217 	0.04180 	0.04182 	0.06966 	0.06966 	0.06955 	0.11900 	0.01994 	0.02042 	0.11901 	0.02008 	0.01966 	0.11784 	0.02241 	0.01979 	0.07752 	0.01965 	0.01984 	0.07132 	0.02816 	0.01978 	0.07080 	0.02924 	0.02895 	0.11779 	0.11719 	0.10893 	0.07929 	0.07724 	0.06848 	0.02000 
0.09824 	0.09126 	0.08137 	0.06080 	0.09009 	0.08145 	0.10563 	0.08007 	0.07911 	0.11021 	0.07570 	0.07997 	0.10377 	0.08111 	0.07993 	0.03730 	0.03724 	0.03736 	0.07354 	0.07377 	0.07372 	0.06210 	0.06226 	0.06207 	0.08150 	0.01998 	0.01963 	0.07938 	0.01994 	0.01987 	0.08037 	0.03814 	0.02041 	0.08281 	0.02010 	0.02003 	0.08177 	0.02105 	0.01983 	0.07690 	0.03449 	0.02032 	0.07963 	0.08174 	0.07807 	0.08723 	0.08241 	0.07557 	0.02000 
0.11956 	0.11244 	0.08082 	0.05285 	0.05955 	0.07821 	0.11107 	0.09804 	0.06774 	0.08895 	0.06565 	0.05465 	0.09247 	0.07154 	0.05148 	0.02380 	0.02364 	0.02382 	0.03533 	0.03535 	0.03521 	0.04200 	0.04198 	0.04188 	0.11744 	0.06231 	0.04951 	0.11664 	0.08030 	0.04379 	0.11909 	0.08380 	0.04495 	0.08162 	0.02885 	0.02070 	0.06628 	0.01985 	0.02141 	0.07926 	0.02204 	0.02072 	0.08210 	0.04805 	0.06161 	0.03157 	0.02832 	0.02376 	0.02000 
0.12254 	0.10227 	0.07849 	0.05145 	0.06192 	0.07621 	0.13223 	0.08459 	0.07037 	0.12890 	0.08440 	0.06561 	0.12742 	0.08429 	0.06602 	0.03854 	0.03850 	0.03875 	0.04188 	0.04174 	0.04194 	0.04383 	0.04389 	0.04378 	0.12858 	0.05656 	0.03427 	0.12793 	0.06766 	0.03815 	0.12796 	0.06580 	0.04126 	0.11504 	0.03754 	0.04620 	0.11300 	0.03260 	0.04660 	0.11978 	0.03142 	0.04508 	0.09455 	0.07345 	0.07392 	0.05798 	0.05407 	0.05771 	0.02000 
0.11815 	0.12510 	0.12136 	0.10358 	0.11039 	0.12354 	0.13251 	0.10869 	0.07559 	0.11308 	0.08089 	0.06092 	0.09956 	0.07599 	0.06061 	0.04877 	0.04875 	0.04879 	0.04542 	0.04539 	0.04539 	0.05310 	0.05310 	0.05310 	0.12318 	0.09490 	0.05378 	0.11896 	0.10075 	0.06226 	0.11887 	0.10572 	0.06671 	0.11482 	0.05501 	0.05101 	0.10666 	0.05282 	0.04424 	0.10963 	0.05128 	0.04516 	0.08467 	0.05843 	0.05251 	0.04725 	0.03625 	0.04600 	0.02000 
0.11507 	0.09096 	0.08671 	0.09186 	0.10184 	0.10645 	0.12154 	0.08833 	0.07532 	0.12267 	0.08197 	0.07245 	0.12183 	0.08251 	0.07238 	0.06211 	0.06217 	0.06209 	0.06664 	0.06662 	0.06669 	0.07320 	0.07323 	0.07327 	0.11158 	0.06633 	0.05972 	0.11058 	0.06644 	0.06694 	0.11060 	0.06579 	0.06670 	0.11829 	0.05702 	0.05336 	0.12180 	0.06027 	0.05367 	0.13053 	0.06058 	0.05019 	0.07683 	0.05779 	0.06085 	0.05838 	0.04634 	0.05342 	0.02000 
0.04140 	0.04211 	0.03504 	0.02247 	0.04023 	0.03950 	0.04826 	0.05349 	0.03357 	0.04886 	0.04078 	0.04650 	0.03473 	0.04292 	0.02975 	0.07380 	0.07443 	0.07457 	0.11760 	0.11760 	0.11783 	0.10785 	0.10744 	0.10874 	0.04007 	0.03701 	0.02748 	0.04060 	0.03686 	0.02712 	0.04026 	0.03647 	0.02800 	0.03290 	0.03340 	0.02436 	0.03387 	0.03851 	0.02851 	0.03436 	0.03823 	0.04302 	0.04336 	0.04352 	0.04775 	0.04243 	0.03939 	0.02809 	0.02000 
0.05540 	0.02984 	0.02886 	0.03128 	0.04304 	0.03781 	0.04230 	0.02611 	0.04630 	0.03635 	0.03905 	0.05302 	0.03342 	0.05371 	0.05224 	0.07408 	0.07432 	0.07457 	0.07948 	0.08056 	0.08043 	0.07932 	0.07852 	0.08012 	0.06029 	0.02592 	0.02266 	0.05603 	0.02577 	0.02441 	0.05607 	0.02604 	0.02584 	0.05932 	0.04111 	0.04274 	0.05938 	0.03417 	0.03702 	0.05439 	0.03018 	0.03451 	0.06055 	0.07208 	0.06609 	0.04191 	0.04050 	0.04018 	0.02000 
0.08117 	0.05638 	0.03063 	0.05895 	0.06762 	0.09305 	0.10109 	0.05669 	0.03126 	0.10076 	0.04510 	0.04060 	0.08309 	0.05140 	0.03755 	0.04824 	0.04808 	0.04795 	0.03569 	0.03573 	0.03572 	0.03380 	0.03364 	0.03369 	0.08129 	0.04592 	0.03288 	0.08135 	0.05747 	0.03108 	0.08153 	0.04384 	0.03116 	0.08068 	0.05410 	0.02263 	0.08076 	0.04408 	0.04270 	0.08113 	0.04017 	0.03642 	0.10931 	0.12946 	0.12833 	0.11219 	0.09900 	0.11649 	0.02000 
0.04613 	0.13007 	0.06418 	0.08377 	0.10897 	0.04740 	0.03360 	0.12767 	0.06288 	0.08264 	0.07718 	0.05725 	0.07157 	0.06608 	0.05549 	0.01976 	0.02118 	0.01996 	0.02813 	0.02807 	0.02830 	0.02347 	0.02291 	0.02299 	0.04658 	0.11837 	0.06857 	0.04565 	0.12601 	0.06783 	0.04412 	0.12525 	0.06889 	0.04632 	0.07236 	0.05776 	0.04602 	0.09633 	0.04927 	0.04480 	0.07415 	0.05369 	0.12654 	0.12995 	0.10630 	0.09525 	0.15562 	0.15506 	0.02000 
];
